structure(list(Respondent.Code = c(46774, 47721, 48890, 61774, 
59927, 59837, 47055, 46801, 48884, 59710, 48007, 59930, 59854, 
59737, 60709, 48797, 59025, 48882, 48846, 48054, 48789, 59822, 
35289, 59780, 59861, 59838, 59908, 59724, 59765, 47931, 35150, 
59895, 12009, 46804, 59891, 59763, 46064, 35262, 47066, 48033, 
13709, 11007, 46005, 48775, 59904, 48930, 47063, 48756, 24561, 
48904, 47083, 59711, 47017, 35212, 35197, 35331, 35046, 59023, 
47045, 35076, 59873, 59906, 35217, 59817, 59734, 35299, 35465, 
47906, 13007, 59704, 59863, 48844, 13015, 48798, 48015, 48796, 
59727, 13001, 59880, 12052, 35042, 59792, 35290, 24549, 48713, 
59870, 48847, 35049, 59879, 46816, 13048, 59011, 59012, 35162, 
35151, 59706, 48795, 59731, 35219, 48800, 48014, 35009, 35177, 
48062, 24547, 48708, 35261, 35143, 59703, 35013, 59776, 48790, 
35291, 24576, 35284, 35156, 59027, 35222, 12720, 35027, 59009, 
35240, 35157, 48767, 10043, 35097, 10042, 24594, 11002, 48729, 
48019, 12745, 48903, 35145, 24175, 35258, 13062, 59708, 24601, 
35125, 24578, 46805, 10500, 35481, 12723, 35123, 24283, 12099, 
59741, 59784, 48768, 24453, 48052, 59844, 59818, 59899, 24275, 
13027, 59748, 24544, 35281, 35071, 59705, 24521, 48720, 59864, 
35196, 35304, 35140, 35139, 12704, 12018, 48897, 59004, 35159, 
46799, 35106, 59020, 24216, 35282, 24526, 10502, 59026, 24255, 
24551, 35021, 24600, 12782, 13006, 35264, 24254, 48770, 48899, 
35088, 24057, 24323, 35010, 24563, 35252, 24237, 48704, 24558, 
59925, 46033, 24215, 24334, 35276, 24231, 59019, 35190, 35070, 
35142, 35293, 24519, 35269, 59819, 35201, 24141, 35235, 24241, 
24276, 24588, 24257, 35270, 24523, 35491, 48005, 35016, 35204, 
35482, 48900, 24516, 24573, 59926, 35069, 24267, 24630, 46061, 
24597, 24533, 59707, 24610, 35206, 35267, 46808, 24618, 35656, 
24157, 24508, 35259, 59016, 35090, 35335, 59044, 24102, 35089, 
35109, 24635, 24273, 35275, 35041, 35138, 24514, 48723, 35034, 
24272, 35105, 24621, 35073, 24047, 24264, 48906, 35077, 24165, 
35110, 35179, 35183, 59816, 47956, 35508, 35242, 24637, 24268, 
24382, 35099, 24333, 35494, 35470, 47004, 59001, 35506, 35549, 
59015, 24305, 35047, 59815, 35278, 35101, 24135, 35100, 35502, 
35461, 11714, 24458, 35187, 24614, 24221, 24253, 24219, 24258, 
24628, 35260, 35254, 35023, 35169, 35048, 24232, 35036, 35253, 
35274, 24040, 35026, 35388, 13024, 35170), a = c("Thompson", 
"North Battleford", "Wetaskiwin", "Yellowknife", "Williams Lake", 
"Quesnel", "Prince Albert", "Portage la Prairie", "Rocky Mountain House", 
"Prince George", "Lloydminster", "Langley City", "Prince Rupert", 
"Penticton", "Whitehorse", "Cold Lake", "Victoria", "Red Deer", 
"Grande Prairie", "Lethbridge", "Whitecourt", "Dawson Creek", 
"Timmins", "Vernon", "Terrace", "Fort St John", "Port Alberni", 
"Chilliwack", "Kelowna", "Yorkton", "Kenora", "Courtenay", "Colchester", 
"Selkirk", "Campbell River", "Kamloops", "Winnipeg", "Sault Ste. Marie", 
"Saskatoon", "Edmonton", "Codiac Regional", "Summerside", "Brandon", 
"Stony Plain", "Nanaimo", "Hinton", "Regina", "Wood Buffalo", 
"La Tuque", "Sylvan Lake", "Weyburn", "Richmond", "Estevan", 
"Owen Sound", "North Bay", "Windsor", "Brockville", "Vancouver", 
"Moose Jaw", "Cornwall", "Powell River", "North Cowichan", "Upper Ottawa Valley (Pembroke)", 
"Parksville", "Mission", "Thunder Bay", "Orillia", "Swift Current", 
"Fredericton", "Surrey", "Sechelt", "Fort Vermilion", "Miramichi", 
"Leduc", "Camrose", "Stony Plain", "Maple Ridge", "Bathurst", 
"White Rock", "Truro", "Brantford", "Cranbrook", "Greater Sudbury", 
"Vallée-de-l'Or Region", "Cochrane", "Squamish", "Grande Prairie", 
"Hawkesbury", "University", "Steinbach", "Tracadie", "Nelson", 
"New Westminster", "London", "Kingston", "North Vancouver City", 
"Spruce Grove", "Langley Township", "Temiskaming Shores", "Fort Saskatchewan", 
"Calgary", "Chatham", "Georgian Bay", "Medicine Hat", "Abitibi Region", 
"Brooks", "Sarnia", "East Algoma (Elliot Lake)", "Burnaby", "Woodstock", 
"Salmon Arm", "Morinville", "Kitchener", "Argenteuil Region", 
"Sudbury (West Nipissing)", "Essex", "West Kelowna", "Peterborough", 
"Kings County", "Belleville", "Abbotsford", "Saugeen Shores", 
"Kawartha Lakes", "Strathcona County", "Grand Falls-Windsor", 
"Lennox and Addington County (Greater Napanee)", "Gander", "Sept-Rivières Region", 
"Charlottetown", "Canmore", "Blackfalds", "West Hants", "Strathmore", 
"Brockton", "Montréal", "St. Thomas", "Caledonia Region", "Port Coquitlam", 
"Domaine-du-Roy Region", "Hamilton", "Laurentides Region", "Selkirk", 
"St. John's", "Exeter (South Huron)", "Queens", "Guelph", "Mont-Tremblant", 
"Halifax Metropolitain Area", "Summerland", "Whistler", "Strathcona", 
"Pays-d'en-Haut Region", "Lacombe", "Langford", "Pitt Meadows", 
"Saltspring Island", "St. Jérôme", "Saint John", "Lake Country", 
"Antoine-Labelle Region", "Stratford", "Cobourg", "Coquitlam", 
"Beauharnois-Salaberry Region", "High River", "View Royal", "Niagara Falls", 
"Toronto", "Lanark Highlands", "Ingersoll", "Lunenburg", "Cape Breton Region", 
"Morinville", "Delta", "Quinte West", "Oakbank Area", "Tillsonburg", 
"Sooke", "Gatineau", "Strathroy-Caradoc", "Drummond Region", 
"Corner Brook", "West Vancouver", "Kahnawake First Nations", 
"Rouyn-Noranda", "Barrie", "Maria", "Enfield (East Hants)", "Edmundston", 
"Gravenhurst", "Shawinigan Region", "St. Albert", "Airdrie", 
"West Grey", "Châteauguay", "Sherbrooke", "Ottawa", "Matawinie Region", 
"Meaford", "Trois-Rivières", "Beaumont", "D'Autray Region", "Sidney", 
"Morden", "Québec", "Thetford Mines", "Huronia West (Wasaga Beach)", 
"Longueuil", "Saanich", "Russell County/Hawkesbury (The Nation)", 
"Norfolk County", "Alnwick/Haldimand", "Hawkesbury (Alfred and Plantagenet)", 
"Pierre-De Saurel Region", "Huntsville", "Colwood", "Middlesex (Thames Centre)", 
"Laval", "Port Hope", "Saguenay", "Joliette Region", "Manicouagan Region", 
"Saint-Eustache", "Clearview", "Bécancour Region", "Collingwood", 
"Chestermere", "Brighton", "Dufferin", "South Bruce (Kincardine)", 
"Cochrane", "Maskoutains Region", "Montcalm", "Comox", "North Perth", 
"Thérèse-de-Blainville", "Côte-de-Gaspé Region", "Winkler", "Lac-Saint-Jean-Est Region", 
"Arthabaska Region", "North Vancouver District", "Beauce-Sartigan Region", 
"Durham Region (Oshawa/Whitby/Ajax)", "Bracebridge", "Steinbach", 
"Montmagny", "Russell County (Rockland)", "Magog", "Brome-Missisquoi Region", 
"Orillia (Severn)", "Port Moody", "Lambton Shores", "York Region", 
"Esquimalt Division", "Granby", "Stormont/Dundas/Glengarry", 
"Brant", "Matane", "Mirabel", "Innisfil", "Brampton", "Georgian Bluffs", 
"Rouville Region", "Okotoks", "Leeds and the Thousand Islands", 
"Saint-Jean-sur-Richelieu", "Elgin County", "Rivière-du-Loup Region", 
"Wellington", "Roussillon Region", "Rivière-du-Nord Region", 
"Okotoks", "Prince Edward", "Mascouche", "Northumberland (Trent Hills)", 
"Russell", "Middlesex", "Coldstream", "Warman", "Essex County (Kingsville)", 
"Perth East", "Rimouski", "Richelieu Saint-Laurent", "Collines-de-l'Outaouais Region", 
"Lennox and Addington County East (Loyalist)", "Terrebonne", 
"Grenville County (North Grenville)", "Nottawasaga (New Tecumseth/Essa/Adjala Tosorontio)", 
"Martensville", "Central Saanich", "Tecumseh", "City of Kawartha Lakes", 
"Oak Bay", "Blainville", "South Frontenac", "North Saanich", 
"Southern Georgian Bay (Tay)", "Essex County (Essex)", "L'Assomption", 
"Grey Highlands", "Essex County (Lakeshore)", "Caledon", "Stratford", 
"Nouvelle-Beauce Region", "Norwich", "Portneuf", "Repentigny", 
"Vaudreuil-sur-le-Lac", "Lévis", "Lac des Deux-Montagnes", "Îles-de-la-Madeleine", 
"Orillia (Ramara)", "Orillia (Oro-Medonte)", "Peterborough County (Selwyn)", 
"Upper Ottawa Valley (Petawawa)", "Halton Hills", "Mercier", 
"Lanark County (Mississippi Mills)", "Southern Georgian Bay (Tiny)", 
"Springwater", "Bromont", "Dufferin (Mono)", "LaSalle", "Kennebecasis Region", 
"Northumberland (Hamilton)"),